1
2
3
7
8
11
13
14
16
19
21
22
23
24
25
26
29
30
32
35
37
39
41
43
47
48
52
54
55
56
58
59
63
65
67
69
73
77
78
81
83
86
87
91
92
93
94
98
99
100
101
102
103
110
111
113
114
116
118
121
122
124
126
132
133
141
142
148
150
151
154
155
156
158
160
161
164
165
168
170
171
172
174
177
187
188
190
191
193
196
200
201
209
210
211
212
214
215
220
223
224
225
227
230
232
236
240
241
243
244
247
248
249
250
251
252
254
256
258
260
262
263
264
270
274
279
287
293
296
297
299
301
306
307
308
311
312
314
315
317
318
326
327
328
329
331
332
333
334
335
338
340
341
343
351
352
355
356
361
366
368
371
377
380
381
383
384
386
389
393
394
395
398
399
403
404
405
406
410
412
413
414
415
416
417
418
419
422
423
426
430
431
433
438
440
441
442
443
447
451
453
454
456
457
458
459
460
463
465
466
469
471
473
474
475
476
477
480
481
482
483
484
485
487
488
489
490
491
493
495
501
503
508
509
512
513
516
518
519
520
521
523
524
525
528
529
534
541
542
543
544
547
549
552
554
556
557
561
564
565
568
569
570
571
572
573
574
575
576
577
578
580
581
582
584
585
587
588
589
590
592
595
598
600
603
606
607
609
610
611
612
617
618
619
623
626
629
633
637
638
640
643
644
645
646
647
648
652
653
654
655
657
659
663
664
667
668
669
670
671
674
675
676
677
678
679
680
681
682
683
684
685
686
687
688
689
690
691
692
693
694
695
696
697
698
699
700
702
703
704
705
706
707
708
709
710
711
713
715
716
717
718
719
720
721
722
723
724
725
726
728
729
730
731
732
733
734
735
736
737
738
739
740
741
743
744
746
747
750
752
755
756
757
758
759
760
761
762
763
764
765
766
767
768
771
772
773
774
775
776
778
779
781
784
788
789
790
791
792
793
795
797
799
802
804
805
806
807
809
813
814
815
816
823
825
827
834
837
844
845
846
848
849
850
852
855
856
859
860
861
862
864
865
866
868
870
872
873
874
876
879
881
882
888
889
894
895
899
903
913
914
920
925
927
928
932
933
935
936
937
938
940
943
946
947
948
950
951
952
954
956
959
960
963
968
974
976
978
979
980
982
984
988
989
990
992
995
1001
1004
1005
1008
1009
1010
1011
1016
1017
1018
1019
1020
1021
1026
1027
1028
1029
1030
1034
1036
1038
1039
1040
1042
1047
1050
1054
1055
1056
1059
1060
1070
1078
1083
1084
1085
1088
1089
1093
1094
1095
1096
1097
1098
1099
1101
1105
1106
1108
1109
1110
1112
1120
1122
1124
1127
1128
1132
1134
1136
1141
1143
1147
1148
1155
1160
1161
1168
1184
1190
1191
1193
1195
1197
1200
1204
1205
1214
1216
1217
1218
1220
1225
1230
1231
1232
1234
1236
1249
1250
1251
1259
1264
1267
1271
1274
1275
1276
1277
1279
1280
1282
1284
1288
1290
1291
1293
1294
1295
1298
1303
1307
1310
1312
1314
1317
1320
1327
1328
1330
1331
1333
1334
1337
1352
1357
1361
1366
1367
1368
1371
1377
1379
1384
1385
1386
1388
1389
1392
1395
1396
1397
1400
1527
1560
1567
1699
2097
2605
2613
2630
2693
2698
2702
2889
2890
2894
3062
3098
3115
3182
3195
3277
3282
3312
3337
3340
3346
3347
3382
3383
3393
3408
3428
3437
3487
3491
3492
3538
3564
3631
3668
3892
3956
3988
4035
4056
4143
4260
4307
4315
4340
4341
4388
4389
4390
4392
4423
4433
4437
4453
4498
4513
4597
4598
4730
4781
4788
4922
4964
4972
4993
5001
5002
5010
5021
5022
5047
5051
5052
5064
5077
5080
5082
5093
5120
5124
5125
5126
5127
5129
5170
5200
5202
5203
5204
5223
5225
5228
5231
5242
5244
5246
5259
5268
5281
5292
5318
5333
5378
5387
5395
5400
5404
5410
5412
5413
5415
5420
5425
5426
5449
5460
5461
5462
5463
5464
5465
5466
5467
5468
5469
5470
5471
5473
5474
5475
5477
5478
5480
5481
5483
5512
5517
5518
5519
5521
5547
5558
5597
5599
5604
5610
5615
5616
5617
5619
5621
5623
5624
5625
5626
5629
5631
5645
5651
5653
5668
5669
5670
5671
5674
5681
5686
5687
5700
5707
5711
5715
5716
5721
5722
5746
5759
5763
5794
5795
5796
5797
5798
5802
5803
5805
5817
5818
5823
5827
5841
5842
5846
5848
5850
5853
5855
5862
5863
5865
5878
5887
5890
5911
5912
5913
5914
5919
5921
5923
5930
5932
5933
5941
5973
5989
5997
6002
6009
6011
6033
6035
6036
6038
6039
6042
6053
6056
6064
6067
6072
6078
6083
6087
6096
6099
6123
6125
6128
6179
6186
6187
6188
6189
6190
6191
6192
6193
6194
6195
6196
6197
6198
6199
6200
6201
6202
6203
6204
6205
6207
6208
6209
6210
6212
6213
6214
6215
6216
6217
6218
6219
6220
6221
6222
6223
6224
6225
6226
6227
6228
6229
6230
6231
6232
6233
6234
6235
6236
6237
6238
6239
6240
6241
6242
6243
6244
6245
6246
6247
6248
6249
6250
6252
6253
6261
6262
6264
6266
6268
6271
6272
6282
6284
6285
6289
6293
6299
6305
6330
6333
6335
6355
6359
6360
6361
6372
6375
6377
6378
6391
6392
6394
6413
6415
6420
6445
6465
6474
6495
6503
6535
6539
6541
6546
6547
6551
6552
6553
6556
6558
6565
6567
6570
6576
6590
6592
6593
6603
6609
6612
6636
6638
6639
6648
6655
6663
6666
6669
6672
6684
6687
6693
6694
6711
6726
6727
6731
6732
6734
6738
7130
7161
7320
7321
7322
7378
7388
7390
7478
7522
7531
7539
7553
7568
7570
7571
7572
7588
7601
7628
7631
7633
7640
7648
7680
7700
7725
7900
7901
7904
7911
7968
7991
8010
8026
8064
8110
8119
8121
8132
8142
8148
8167
8180
8194
8201
8212
8213
8215
8216
8255
8268
8279
8281
8283
8284
8285
8286
8287
8292
8303
8310
8314
8315
8325
8354
8355
8356
8363
8364
8369
8389
8412
8413
8416
8427
8428
8438
8463
8469
8472
8476
8478
8479
8480
8482
8484
8485
8486
8488
8496
8497
8506
8507
8509
8510
8514
8524
8526
8531
8537
8540
8585
8587
8591
8613
8618
8641
8647
8648
8652
8653
8658
8659
8661
8664
8665
8680
8687
8690
8695
8701
8711
8715
8719
8720
8722
8725
8732
8738
8743
8749
8751
8753
8755
8756
8758
8759
8760
8762
8767
8773
8790
8805
8814
8819
8824
8825
8837
8838
8845
8889
8890
8893
8898
8904
8909
8914
8915
8920
8921
8922
8923
8924
8934
8935
8936
8945
8950
8964
8965
8969
8975
8981
8989
9002
9005
9009
9016
9017
9020
9028
9041
9042
9043
9044
9047
9052
9059
9062
9071
9076
9079
9090
9091
9103
9105
9109
9110
9112
9118
9119
9121
9124
9126
9133
9137
9151
9166
9178
9180
9181
9182
9186
9188
9189
9190
9195
9200
9212
9224
9225
9226
9227
9230
9232
9233
9235
9236
9237
9238
9239
9241
9243
9244
9245
9247
9248
9250
9251
9254
9255
9256
9257
9259
9260
9261
9262
9264
9265
9267
9269
9275
9278
9287
9289
9295
9296
9297
9298
9299
9303
9307
9313
9318
9321
9324
9327
9328
9330
9331
9332
9333
9340
9343
9360
9363
9369
9370
9373
9388
9393
9396
9408
9409
9412
9414
9417
9418
9425
9426
9427
9428
9430
9439
9440
9441
9443
9445
9449
9472
9474
9479
9480
9490
9491
9502
9503
9505
9535
9537
9538
9539
9560
9561
9562
9563
9564
9566
9575
9576
9583
9589
9592
9593
9603
9607
9612
9618
9620
9625
9626
9640
9643
9651
9658
9659
9661
9667
9668
9674
9684
9686
9688
9694
9695
9697
9702
9707
9713
9717
9718
9719
9720
9723
9725
9733
9788
9791
9797
9799
9803
9809
9812
9819
9821
9823
9824
9826
9828
9851
9858
9864
9875
9881
9885
9888
9892
9894
9896
9897
9898
9911
9922
9923
9931
9934
9935
9936
9937
9938
9940
9941
9942
9943
9950
9953
9956
9957
9959
9960
9964
9965
9970
9973
9980
9985
9989
10003
10007
10018
10027
10045
10048
10049
10050
10051
10052
10054
10055
10056
10057
10059
10060
10062
10073
10076
10078
10080
10081
10082
10084
10086
10087
10088
10089
10098
10102
10107
10122
10126
10129
10147
10148
10174
10175
10176
10177
10178
10179
10180
10182
10185
10186
10187
10189
10201
10215
10217
10221
10225
10236
10237
10238
10243
10261
10262
10268
10269
10270
10271
10272
10274
10278
10280
10287
10288
10289
10291
10294
10295
10297
10298
10303
10304
10305
10307
10312
10313
10327
10335
10336
10348
10352
10353
10357
10358
10361
10375
10387
10393
10402
10403
10411
10422
10430
10431
10432
10436
10440
10441
10447
10452
10457
10462
10470
10471
10472
10475
10492
10497
10500
10501
10502
10503
10504
10505
10507
10509
10519
10520
10526
10527
10528
10529
10530
10532
10533
10535
10537
10539
10541
10542
10543
10547
10553
10557
10558
10568
10569
10572
10573
10574
10576
10583
10584
10592
10593
10594
10604
10606
10607
10608
10609
10616
10618
10620
10624
10625
10626
10629
10630
10631
10633
10634
10638
10642
10644
10657
10658
10659
10662
10663
10664
10667
10668
10669
10670
10677
10679
10680
10681
10682
10683
10686
10687
10688
10689
10690
10691
10692
10693
10696
10698
10699
10700
10701
10704
10705
10706
10707
10710
10711
10713
10716
10717
10718
10719
10720
10721
10723
10724
10726
10729
10734
10748
10749
10753
10774
10775
10777
10778
10785
10787
10791
10793
10794
10795
10798
10799
10811
10813
10814
10817
10820
10821
10822
10823
10835
10837
10839
10845
10850
10857
10868
10869
10879
10909
10918
10928
10929
10932
10935
10966
10967
10968
10969
10980
10981
10984
10987
10988
10992
10993
10997
10998
11000
11001
11008
11009
11011
11018
11020
11021
11024
11025
11029
11030
11032
11037
11045
11048
11054
11055
11056
11064
11068
11070
11071
11078
11084
11085
11086
11087
11088
11089
11092
11121
11137
11139
11144
11145
11146
11147
11152
11153
11154
11163
11168
11169
11171
11179
11180
11184
11189
11193
11194
11195
11196
11197
11198
11199
11200
11203
11215
11217
11219
11220
11221
11232
11243
11250
11253
11255
11269
11271
11284
11286
11290
11292
11296
11297
11298
11299
11300
11302
11304
11309
11318
11324
11325
11326
11343
11347
11355
11358
11359
11360
11361
11366
11371
11372
11373
11374
11379
11382
11385
11388
11389
11390
11394
11395
11396
11400
11401
11403
11412
11414
11415
11416
11425
11430
11432
11442
11443
11450
11453
11454
11458
11467
11477
11479
11481
11482
11491
11493
11497
11519
11529
11530
11531
11534
11535
11539
11540
11543
11548
11553
11576
11584
11586
11603
11604
11608
11609
11611
11627
11630
11640
11648
11649
11651
11654
11656
11664
11666
11668
11669
11671
11673
11675
11676
11682
11683
11693
11694
11706
11707
11708
11709
11712
11713
11715
11716
11719
11721
11722
11726
11732
11738
11741
11744
11745
11750
11754
11759
11760
11761
11766
11767
11768
11769
11771
11772
11776
11786
11788
11789
11793
11796
11801
11802
11803
11809
11820
11824
11826
11828
11829
11836
11837
11843
11852
11853
11855
11867
11869
11870
11875
11883
11887
11888
11889
11892
11893
11897
11899
11902
11904
11907
11908
11911
11912
11913
11916
11917
11920
11921
11924
11925
11931
11932
11933
11935
11942
11943
11944
11945
11946
11947
11948
11949
11953
11954
11955
11957
11958
11959
11960
11961
11963
11965
11966
11968
11969
11970
11971
11978
11983
11984
11988
11994
11995
11996
11998
12002
12004
12005
12006
12007
12008
12009
12010
12011
12014
12015
12016
12017
12018
12019
12020
12024
12026
12028
12031
12032
12035
12038
12048
12052
12054
12060
12066
12067
12068
12077
12078
12089
12093
12100
12103
12113
12138
12139
12145
12165
12175
12183
12187
12188
12189
12191
12205
12211
12213
12216
12220
12221
12231
12232
12236
12243
12251
12259
12260
12262
12264
12277
12279
12280
12282
12286
12289
12293
12296
12301
12310
12314
12319
12321
12325
12331
12336
12353
12356
12361
12364
12365
12366
12367
12368
12376
12377
12378
12381
12382
12383
12392
12393
12394
12395
12396
12400
12411
12420
12422
12423
12424
12427
12428
12436
12446
12451
12461
12462
12463
12469
12471
12480
12483
12484
12488
12495
12499
12505
12510
12514
12515
12516
12530
12532
12539
12543
12553
12555
12560
12563
12567
12568
12569
12571
12572
12574
12578
12579
12582
12583
12584
12589
12590
12591
12593
12594
12595
12596
12598
12599
12600
12608
12609
12610
12613
12615
12619
12620
12628
12631
12637
12639
12640
12645
12653
12655
12656
12657
12661
12665
12666
12667
12671
12697
12706
12707
12710
12713
12714
12717
12735
12741
12749
12750
12751
12752
12760
12768
12769
12770
12772
12773
12775
12781
12802
12806
12813
12814
12815
12824
12826
12830
12833
12835
12841
12842
12844
12847
12848
12851
12859
12860
12862
12864
12875
12878
12882
12884
12885
12891
12896
12897
12898
12909
12910
12911
12912
12915
12919
12924
12926
12929
12940
12943
12944
12947
12948
12949
12950
12954
12956
12957
12961
12962
12965
12973
12976
12978
12980
12983
12989
12990
12996
13002
13003
13006
13008
13013
13014
13024
13025
13027
13028
13029
13033
13034
13035
13036
13037
13038
13041
13042
13056
13059
13068
13078
13084
13089
13092
13101
13102
13105
13112
13113
13116
13117
13121
13123
13124
13130
13132
13134
13135
13142
13144
13145
13147
13151
13153
13158
13159
13160
13161
13162
13165
13170
13172
13173
13175
13176
13186
13198
13213
13215
13216
13217
13218
13220
13234
13238
13244
13248
13249
13252
13262
13266
13272
13280
13289
13293
13296
13315
13317
13318
13320
13322
13323
13324
13325
13330
13335
13336
13338
13339
13342
13343
13344
13345
13346
13347
13348
13349
13350
13352
13357
13358
13359
13362
13363
13364
13367
13370
13378
13379
13380
13388
13389
13390
13393
13394
13395
13396
13398
13399
13409
13412
13413
13416
13420
13422
13433
13442
13453
13469
13472
13479
13482
13495
13499
13504
13513
13514
13519
13526
13535
13541
13545
13547
13551
13562
13563
13565
13569
13570
13571
13583
13585
13587
13589
13590
13594
13595
13597
13598
13605
13606
13607
13612
13617
13620
13629
13631
13634
13636
13637
13638
13640
13641
13643
13645
13646
13647
13648
13649
13650
13651
13653
13654
13655
13657
13660
13661
13663
13674
13678
13685
13686
13687
13693
13695
13696
13697
13699
13705
13706
13708
13710
13715
13717
13722
13723
13724
13726
13728
13730
13731
13732
13734
13735
13736
13738
13740
13741
13742
13743
13744
13745
13746
13747
13748
13749
13751
13752
13758
13761
13765
13771
13773
13774
13775
13780
13782
13783
13790
13793
13796
13799
13801
13803
13804
13805
13809
13810
13811
13817
13820
13824
13825
13826
13830
13834
13840
13842
13850
13852
13854
13859
13860
13868
13871
13875
13878
13884
13886
13887
13889
13890
13891
13900
13901
13902
13903
13904
13905
13906
13907
13908
13909
13910
13911
13912
13914
13916
13917
13919
13920
13922
13924
13938
13939
13940
13946
13948
13949
13954
13955
13958
13959
13960
13963
13964
13966
13984
13985
13991
13992
13995
13997
13999
14000
14004
14005
14006
14007
14008
14009
14010
14012
14013
14014
14016
14017
14018
14023
14027
14029
14030
14069
14074
14079
14086
14087
14115
14117
14124
14127
14129
14131
14145
14148
14149
14155
14159
14161
14170
14174
14185
14198
14203
14209
14212
14216
14217
14220
14222
14223
14224
14225
14226
14227
14228
14229
14230
14231
14234
14241
14242
14244
14246
14247
14248
14249
14251
14253
14254
14256
14258
14265
14272
14276
14281
14288
14290
14298
14313
14316
14340
14341
14342
14344
14352
14359
14367
14368
14370
14371
14373
14377
14380
14383
14395
14398
14406
14414
14419
14420
14421
14422
14423
14424
14425
14437
14440
14441
14442
14445
14449
14455
14456
14457
14466
14470
14474
14476
14477
14478
14480
14492
14493
14494
14496
14500
14511
14515
14516
14519
14520
14523
14531
14535
14538
14542
14547
14549
14553
14554
14555
14556
14557
14559
14560
14564
14567
14577
14579
14583
14586
14592
14593
14594
14597
14603
14608
14609
14611
14613
14615
14619
14623
14624
14626
14628
14630
14635
14643
14644
14646
14647
14648
14649
14650
14651
14652
14659
14667
14672
14681
14686
14705
14709
14720
14727
14730
14733
14742
14744
14746
14747
14750
14761
14763
14764
14765
14766
14767
14768
14770
14771
14772
14773
14774
14775
14777
14778
14779
14780
14782
14783
14784
14786
14789
14791
14792
14795
14797
14800
14802
